00209161
00209183
00209214
00209254
00209269
00209381
00209550
00209580
00209608
00209628
00209629
00209736
00209776
00209787
00209812
00209864
00209866
00209899
00209909
00209980
00209994
00209995
00210302
00210308
00211522
00211541
00211620
00211670
00211697
00211772
00211787
00211867
00211902
00211937
00212034
00212142
00212144
00212172
00212199
00212272
00212619
00212663
00212687
00212721
00212742
00212809
00212815
00212858
00212967
00212993
00213039
00213079
00213092
00213130
00213155
00213157
00213204
00213250
00213314
00213359
00213431
00213479
00213480
00213486
00213539
00213627
00213640
00213684
00213695
00213702
00213754
00213796
00213816
00213819
00213900
00213951
00213964
00213968
00214021
00214086
00214160
00214176
00214216
00214388
00214390
00214494
00214523
00214544
00214553
00214618
00214651
00214680
00214714
00214721
00214758
00214777
00214984
00215021
00215027
00215061
00215063
00215091
00215414
00215433
00215456
00215464
00215473
00215541
00215559
00215571
00215589
00215643
00216399
00216416
00216432
00266904
00266919
00267073
00267152
00267162
00267167
00267358
00267359
00267360
00267367
00267385
00267599
00267638
00267639
00270441
00270448
00270588
00270806
00270816
00270949
00270953
00271048
00271298
00271421
00271516
00271595
00271744
00272529
00272531
00276073
00276147
00276161
00276176
00276181
00276183
00276189
00276212
00276245
00276262
00276329
00276330
00276336
00276416
00276511
00276689
00276731
00276790
00276952
00277025
00277081
00277089
00278727
00278748
00278880
00278912
00278968
00279169
00279259
00279279
00279284
00279345
00279598
00279685
00279764
00279813
00279867
00279932
00279984
00280231
00280319
00280368
00280423
00280464
00280500
00280520
00280614
00280673
00280753
00280853
00280862
00280950
00280977
00281070
00281074
00281130
00281143
00281317
00281381
00281385
00281411
00281976
00281978
00282026
00282248
00282418
00282420
00282421
00282423
00282455
00282457
00282625
00282631
00282712
00282784
00282992
00283074
00283155
00283270
00283429
00283608
00283780
00284006
00284154
00284213
00284285
00284420
00284427
00284473
00284484
