153200
153565
154465
154471
154810
154813
154817
154822
155073
155112
155116
155160
155569
155634
155669
155678
155697
156682
158045
158116
158269
158299
158392
158545
158548
158549
158582
158632
158801
158975
159041
159086
159113
159179
159202
159203
159224
160479
160613
160736
160800
160801
160879
160899
160953
160954
160958
160963
160975
160980
161118
161379
161407
161520
161562
161948
162347
162526
162576
162620
162623
162690
162764
162843
162882
165591
165632
165703
165732
165767
165815
165818
165821
165954
165956
166094
166097
166142
166143
166198
166305
166383
166466
166658
166786
166850
166856
166924
166925
166927
167576
167607
167661
167680
167776
167844
168665
168759
168875
169045
169136
169175
169206
169223
169224
169226
169270
169564
169566
169567
169627
169693
169750
169751
169765
169839
169864
169866
169884
169927
169961
169964
169966
170002
170004
170015
170016
170082
170398
170459
170467
170482
175341
175360
175368
175369
175370
175450
175502
175513
175651
175652
176185
177531
177539
177540
177593
177682
177924
177929
177965
177986
178044
178109
178163
178211
178229
178264
179581
179710
179725
179739
179771
179804
179938
179939
180164
180225
180241
180242
180309
180400
180448
180481
180614
180636
180664
180710
182013
182161
182284
182372
182424
182449
182450
182454
182456
182486
182516
182518
182519
182726
182747
182766
182787
182796
182879
182886
182997
183003
183021
183045
183054
183078
183081
183127
183129
183130
183216
183272
183286
183347
183391
183407
183426
183462
183544
183580
183581
183963
184022
184072
184088
184130
184169
185353
185518
185536
185644
185649
185731
185747
185761
185998
186049
186156
186169
186178
186179
186180
186182
186216
186217
186275
186361
186396
186399
186456
186493
186516
186532
186533
186669
186673
186721
186729
186753
186755
186873
186877
186878
186923
186933
186934
186965
187014
187196
187219
187453
187457
187501
187543
187552
187763
187811
187812
187815
188902
188903
188906
188908
188909
188910
188921
188949
188951
189011
189027
189028
189090
189184
189207
189242
189536
189561
189598
189602
189610
189639
189655
189660
189693
189719
189751
189781
189813
189822
189836
189845
189875
189963
189965
190046
190116
190119
190120
190236
190256
190300
190343
190608
190611
190618
190643
190644
190661
190689
190728
190872
190878
190933
190975
191138
191139
191149
191150
191190
191217
191218
191235
191239
191381
191425
191426
191428
191513
191514
191517
191628
191635
191676
191715
191920
191933
200805
200841
200842
200863
200913
200926
200965
200967
200982
200987
201006
201052
201113
201120
201138
201190
201191
201257
201269
201280
201289
201350
201351
201383
201489
201494
201555
201556
202609
202660
202668
202712
202740
202798
202965
202966
202987
202991
203027
203169
203191
203195
203228
203256
203258
203277
203335
203336
203353
203432
203454
203456
203523
203524
203602
203636
203680
203719
203739
203745
203760
203779
203792
203875
203876
203934
204025
204026
204071
204073
204134
204153
204158
204240
204265
204416
204442
204474
204564
204633
204668
204726
204763
204769
204772
204796
204853
204857
204910
204932
204954
204955
204976
205010
205016
205017
205055
205071
205112
205113
206299
206368
206369
206409
206497
206564
206573
206614
206881
206884
206885
206955
206962
206971
207044
207046
207113
207214
207215
207216
207217
207219
207221
207262
207304
207306
207332
207397
207447
207490
207528
207531
207532
207582
207589
207620
207664
207696
207749
207772
207809
207845
207864
207865
207931
207934
207975
207982
208123
208126
208179
208184
208189
208258
208261
208354
208485
208631
208642
208662
208705
208717
208720
208780
208781
208811
208870
208930
208931
208970
208982
209025
209074
209084
209109
209161
209183
209214
209254
209269
209381
209550
209580
209628
209629
209736
209776
209787
209812
209864
209899
209909
209980
209994
209995
210184
210185
210186
210302
210308
211522
211541
211620
211670
211697
211772
211867
211902
211937
212034
212142
212144
212172
212199
212272
212619
212663
212687
212721
212742
212809
212815
212858
212967
212993
213039
213079
213092
213130
213155
213157
213204
213250
213314
213359
213431
213479
213480
213486
213539
213627
213640
213684
213695
213702
213754
213796
213816
213819
213900
213951
213964
213968
214021
214086
214160
214176
214216
214281
214303
214388
214390
214494
214523
214544
214553
214618
214651
214680
214714
214721
214758
214777
214912
214984
215021
215027
215061
215063
215091
215414
215433
215456
215464
215473
215541
215559
215571
215589
215643
216399
216416
216432
217946
217948
217999
218006
218024
218036
218048
218118
218168
218179
218197
218213
218222
218224
218279
218301
218338
218391
218436
218473
218527
218536
218589
218677
218679
218716
218751
218771
218783
218829
218898
218940
218968
219001
219028
219039
219055
219089
219111
219114
219228
219257
219263
219296
219305
219320
219322
219336
219364
219365
248326
252662
253377
253597
254130
256607
256721
257585
257588
257667
257687
258865
259003
259101
259117
259165
259168
259196
259237
259416
259424
266919
267073
267152
267162
267167
267358
267359
267360
267367
267385
267599
267638
267639
268282
270441
270448
270588
270806
270816
271048
271298
271421
271516
271595
271744
272529
272531
274900
275344
276073
276147
276161
276176
276181
276183
276189
276212
276245
276262
276329
276330
276336
276416
276511
276689
276731
276790
276952
277025
277081
277089
278727
278748
278880
278912
278968
279169
279259
279279
279284
279345
279598
279685
279764
279813
279867
279932
279984
280231
280319
280368
280423
280464
280500
280520
280614
280673
280753
280853
280862
280950
280977
281070
281074
281130
281143
281317
281381
281385
281411
281976
281978
282026
282248
282418
282420
282421
282423
282455
282457
282625
282631
282712
282784
282992
283074
283155
283270
283429
283608
283780
284006
284154
284213
284285
284420
284427
284473
284484
