00266904
00266919
00267073
00267152
00267162
00267167
00267358
00267359
00267360
00267367
00267385
00267599
00267638
00267639
00270441
00270448
00270588
00270806
00270816
00270949
00270953
00271048
00271298
00271421
00271516
00271595
00271744
00272529
00272531
00276073
00276147
00276161
00276176
00276181
00276183
00276189
00276212
00276245
00276262
00276329
00276330
00276336
00276416
00276511
00276689
00276731
00276790
00276952
00277025
00277081
00277089
00278727
00278748
00278880
00278912
00278968
00279169
00279259
00279279
00279284
00279345
00279598
00279685
00279764
00279813
00279867
00279932
00279984
00280231
00280319
00280368
00280423
00280464
00280500
00280520
00280614
00280673
00280753
00280853
00280862
00280950
00280977
00281070
00281074
00281130
00281143
00281317
00281381
00281385
00281411
00281976
00281978
00282026
00282248
00282418
00282420
00282421
00282423
00282455
00282457
00282625
00282631
00282712
00282784
00282992
00283074
00283155
00283270
00283429
00283608
00283780
00284006
00284154
00284213
00284285
00284420
00284427
00284473
00284484
